33.967	34.001	0.000	0.000
8.075	8.108	0.102	0.102
14.014	14.047	0.123	0.123
30.030	30.063	0.131	0.131
29.029	29.062	0.147	0.147
27.027	27.060	0.180	0.180
32.032	32.065	0.190	0.190
10.010	10.043	0.202	0.202
8.175	8.208	0.205	0.205
6.006	6.039	0.212	0.212
21.021	21.054	0.224	0.224
4.204	4.238	0.227	0.227
1.535	1.568	0.237	0.237
5.539	5.572	0.243	0.243
33.634	33.667	0.252	0.252
16.683	16.717	0.257	0.257
33.800	33.834	0.257	0.257
3.570	3.604	0.267	0.267
7.574	7.608	0.268	0.268
32.232	32.266	0.271	0.271
2.002	2.035	0.275	0.275
14.848	14.882	0.276	0.276
8.041	8.075	0.277	0.277
14.648	14.681	0.279	0.279
29.329	29.363	0.289	0.289
27.528	27.561	0.289	0.289
27.127	27.160	0.289	0.289
8.041	8.108	0.292	0.292
18.652	18.685	0.297	0.297
32.633	32.666	0.299	0.299
32.132	32.165	0.300	0.300
25.526	25.559	0.302	0.302
6.240	6.273	0.303	0.303
29.630	29.663	0.303	0.303
24.691	24.725	0.303	0.303
22.656	22.689	0.304	0.304
10.644	10.677	0.305	0.305
2.870	2.903	0.306	0.306
29.530	29.563	0.310	0.310
17.017	17.050	0.314	0.314
33.700	33.734	0.314	0.314
25.225	25.259	0.315	0.315
32.332	32.366	0.316	0.316
29.930	29.963	0.316	0.316
21.321	21.355	0.317	0.317
12.679	12.713	0.318	0.318
18.352	18.385	0.319	0.319
33.233	33.267	0.320	0.320
28.729	28.762	0.321	0.321
14.915	14.948	0.322	0.322
6.874	6.907	0.323	0.323
32.533	32.566	0.323	0.323
8.675	8.709	0.324	0.324
13.313	13.347	0.325	0.325
25.826	25.859	0.326	0.326
17.317	17.351	0.327	0.327
33.333	33.367	0.327	0.327
27.227	27.261	0.328	0.328
20.687	20.721	0.329	0.329
11.345	11.378	0.329	0.329
30.330	30.364	0.330	0.330
9.309	9.343	0.331	0.331
28.328	28.362	0.331	0.331
25.626	25.659	0.331	0.331
26.727	26.760	0.331	0.331
23.357	23.390	0.332	0.332
25.726	25.759	0.332	0.332
15.349	15.382	0.332	0.332
26.126	26.159	0.334	0.334
25.325	25.359	0.335	0.335
28.128	28.161	0.335	0.335
18.018	18.051	0.336	0.336
33.133	33.166	0.340	0.340
4.271	4.304	0.343	0.343
33.534	33.567	0.343	0.343
0.200	0.234	0.346	0.346
29.129	29.162	0.348	0.348
19.353	19.386	0.349	0.349
1.602	1.635	0.349	0.349
30.130	30.163	0.350	0.350
31.231	31.265	0.351	0.351
28.629	28.662	0.355	0.355
2.236	2.269	0.356	0.356
26.226	26.260	0.357	0.357
28.529	28.562	0.358	0.358
26.627	26.660	0.360	0.360
25.125	25.158	0.361	0.361
4.104	4.137	0.362	0.362
4.171	4.204	0.362	0.362
33.033	33.066	0.362	0.362
9.643	9.676	0.363	0.363
31.131	31.164	0.364	0.364
31.532	31.565	0.366	0.366
27.828	27.861	0.368	0.368
21.088	21.121	0.371	0.371
3.136	3.170	0.372	0.372
20.053	20.087	0.373	0.373
10.611	10.644	0.373	0.373
6.507	6.540	0.373	0.373
26.326	26.360	0.373	0.373
10.077	10.110	0.374	0.374
15.115	15.148	0.375	0.375
1.735	1.768	0.376	0.376
2.703	2.736	0.376	0.376
33.901	33.934	0.378	0.378
16.517	16.550	0.379	0.379
32.733	32.766	0.380	0.380
22.022	22.055	0.381	0.381
3.203	3.237	0.381	0.381
28.228	28.262	0.384	0.384
2.836	2.870	0.386	0.386
2.069	2.102	0.386	0.386
27.628	27.661	0.387	0.387
24.958	24.992	0.389	0.389
15.816	15.849	0.389	0.389
7.641	7.674	0.389	0.389
21.522	21.555	0.390	0.390
30.230	30.264	0.390	0.390
28.829	28.862	0.392	0.392
21.154	21.188	0.392	0.392
17.518	17.551	0.392	0.392
29.229	29.263	0.394	0.394
3.537	3.570	0.394	0.394
7.541	7.574	0.394	0.394
27.327	27.361	0.396	0.396
0.267	0.300	0.396	0.396
18.151	18.185	0.398	0.398
28.028	28.061	0.398	0.398
23.056	23.090	0.398	0.398
0.334	0.367	0.398	0.398
0.100	0.133	0.398	0.398
3.070	3.103	0.399	0.399
30.531	30.564	0.399	0.399
6.573	6.607	0.400	0.400
3.637	3.670	0.400	0.400
13.514	13.547	0.402	0.402
18.218	18.252	0.402	0.402
31.331	31.365	0.402	0.402
17.084	17.117	0.403	0.403
18.285	18.318	0.403	0.403
25.058	25.092	0.403	0.403
4.404	4.438	0.404	0.404
4.538	4.571	0.404	0.404
6.206	6.240	0.404	0.404
7.841	7.875	0.404	0.404
30.831	30.864	0.405	0.405
5.506	5.539	0.405	0.405
29.429	29.463	0.406	0.406
26.026	26.059	0.406	0.406
13.847	13.881	0.407	0.407
13.580	13.614	0.409	0.409
30.731	30.764	0.410	0.410
28.428	28.462	0.410	0.410
21.288	21.321	0.411	0.411
29.830	29.863	0.411	0.411
4.338	4.371	0.412	0.412
1.368	1.401	0.412	0.412
27.728	27.761	0.412	0.412
7.007	7.040	0.413	0.413
31.832	31.865	0.413	0.413
11.812	11.845	0.413	0.413
4.171	4.238	0.414	0.414
12.379	12.412	0.414	0.414
11.178	11.211	0.414	0.414
0.534	0.567	0.415	0.415
30.631	30.664	0.416	0.416
29.730	29.763	0.417	0.417
12.646	12.679	0.417	0.417
12.112	12.145	0.418	0.418
0.167	0.200	0.418	0.418
3.770	3.804	0.419	0.419
18.085	18.118	0.419	0.419
14.715	14.748	0.421	0.421
7.708	7.741	0.421	0.421
1.235	1.268	0.421	0.421
12.813	12.846	0.422	0.422
3.003	3.036	0.422	0.422
17.584	17.618	0.423	0.423
17.918	17.951	0.423	0.423
24.758	24.791	0.424	0.424
0.400	0.434	0.424	0.424
24.525	24.558	0.424	0.424
24.892	24.925	0.424	0.424
23.323	23.357	0.425	0.425
0.667	0.701	0.426	0.426
2.135	2.169	0.426	0.426
4.037	4.071	0.428	0.428
23.123	23.156	0.428	0.428
25.425	25.459	0.429	0.429
2.202	2.236	0.431	0.431
1.034	1.068	0.433	0.433
6.840	6.874	0.433	0.433
4.905	4.938	0.433	0.433
17.150	17.184	0.434	0.434
1.668	1.702	0.435	0.435
4.872	4.905	0.436	0.436
31.031	31.064	0.436	0.436
0.033	0.067	0.436	0.436
26.827	26.860	0.437	0.437
31.732	31.765	0.437	0.437
9.510	9.543	0.439	0.439
6.940	6.974	0.439	0.439
24.057	24.091	0.439	0.439
26.527	26.560	0.439	0.439
14.781	14.815	0.441	0.441
9.710	9.743	0.441	0.441
6.073	6.106	0.441	0.441
9.209	9.243	0.442	0.442
9.276	9.309	0.443	0.443
8.141	8.175	0.443	0.443
3.270	3.303	0.443	0.443
24.591	24.625	0.443	0.443
12.045	12.079	0.443	0.443
5.105	5.138	0.443	0.443
0.734	0.767	0.444	0.444
20.187	20.220	0.445	0.445
21.655	21.688	0.446	0.446
30.931	30.964	0.446	0.446
14.348	14.381	0.447	0.447
22.623	22.656	0.447	0.447
7.908	7.941	0.448	0.448
4.605	4.638	0.448	0.448
5.606	5.639	0.448	0.448
21.221	21.255	0.448	0.448
1.101	1.134	0.449	0.449
1.168	1.201	0.450	0.450
24.825	24.858	0.450	0.450
18.418	18.452	0.451	0.451
11.678	11.712	0.451	0.451
15.682	15.716	0.452	0.452
24.324	24.358	0.452	0.452
4.805	4.838	0.452	0.452
15.048	15.082	0.453	0.453
8.509	8.542	0.453	0.453
5.038	5.072	0.453	0.453
16.650	16.683	0.454	0.454
4.671	4.705	0.455	0.455
4.738	4.771	0.455	0.455
3.704	3.737	0.456	0.456
8.242	8.275	0.456	0.456
26.426	26.460	0.456	0.456
1.502	1.535	0.457	0.457
31.632	31.665	0.457	0.457
12.513	12.546	0.457	0.457
3.337	3.370	0.458	0.458
10.143	10.177	0.458	0.458
16.049	16.083	0.458	0.458
3.837	3.871	0.458	0.458
12.746	12.779	0.458	0.458
2.503	2.536	0.459	0.459
3.403	3.437	0.459	0.459
23.757	23.790	0.459	0.459
10.277	10.310	0.459	0.459
10.544	10.577	0.459	0.459
27.427	27.461	0.460	0.460
2.636	2.669	0.460	0.460
7.074	7.107	0.461	0.461
19.319	19.353	0.461	0.461
22.723	22.756	0.462	0.462
24.191	24.224	0.462	0.462
13.213	13.247	0.463	0.463
11.879	11.912	0.463	0.463
32.833	32.866	0.463	0.463
23.190	23.223	0.464	0.464
13.013	13.046	0.464	0.464
6.139	6.173	0.465	0.465
28.929	28.962	0.465	0.465
2.769	2.803	0.467	0.467
5.506	5.572	0.467	0.467
18.852	18.886	0.467	0.467
7.341	7.374	0.467	0.467
6.707	6.740	0.467	0.467
14.615	14.648	0.468	0.468
23.690	23.724	0.468	0.468
7.774	7.808	0.469	0.469
20.821	20.854	0.469	0.469
7.541	7.608	0.470	0.470
21.788	21.822	0.470	0.470
10.611	10.677	0.470	0.470
21.588	21.622	0.470	0.470
15.749	15.782	0.471	0.471
14.081	14.114	0.471	0.471
20.587	20.621	0.471	0.471
20.888	20.921	0.471	0.471
3.537	3.604	0.472	0.472
18.785	18.819	0.473	0.473
17.784	17.818	0.473	0.473
5.873	5.906	0.474	0.474
6.773	6.807	0.474	0.474
9.576	9.610	0.474	0.474
20.654	20.687	0.474	0.474
32.933	32.966	0.476	0.476
22.289	22.322	0.476	0.476
6.306	6.340	0.477	0.477
2.569	2.603	0.478	0.478
0.801	0.834	0.478	0.478
5.806	5.839	0.478	0.478
22.222	22.256	0.479	0.479
3.904	3.937	0.479	0.479
20.254	20.287	0.479	0.479
21.855	21.889	0.479	0.479
13.280	13.313	0.480	0.480
21.388	21.421	0.480	0.480
10.777	10.811	0.480	0.480
10.844	10.878	0.481	0.481
2.836	2.903	0.481	0.481
11.545	11.578	0.482	0.482
8.141	8.208	0.482	0.482
24.124	24.157	0.483	0.483
15.883	15.916	0.483	0.483
22.089	22.122	0.483	0.483
0.601	0.634	0.484	0.484
0.901	0.934	0.484	0.484
16.583	16.617	0.484	0.484
20.387	20.420	0.484	0.484
10.711	10.744	0.484	0.484
20.320	20.354	0.485	0.485
6.640	6.673	0.485	0.485
14.548	14.581	0.485	0.485
17.718	17.751	0.485	0.485
24.258	24.291	0.486	0.486
19.553	19.586	0.486	0.486
13.380	13.413	0.486	0.486
9.009	9.042	0.486	0.486
23.624	23.657	0.486	0.486
2.302	2.336	0.487	0.487
12.880	12.913	0.487	0.487
12.579	12.613	0.488	0.488
15.616	15.649	0.488	0.488
15.182	15.215	0.488	0.488
22.155	22.189	0.489	0.489
25.926	25.959	0.489	0.489
16.250	16.283	0.489	0.489
0.868	0.901	0.490	0.490
24.658	24.691	0.490	0.490
1.301	1.335	0.490	0.490
16.950	16.984	0.490	0.490
11.745	11.778	0.490	0.490
14.147	14.181	0.491	0.491
2.936	2.970	0.491	0.491
16.817	16.850	0.492	0.492
11.044	11.078	0.493	0.493
27.928	27.961	0.494	0.494
7.207	7.241	0.494	0.494
9.843	9.877	0.494	0.494
15.315	15.349	0.495	0.495
32.432	32.466	0.495	0.495
17.284	17.317	0.495	0.495
13.146	13.180	0.495	0.495
9.776	9.810	0.495	0.495
19.820	19.853	0.495	0.495
8.642	8.675	0.496	0.496
13.080	13.113	0.496	0.496
23.257	23.290	0.496	0.496
6.206	6.273	0.496	0.496
19.753	19.786	0.496	0.496
9.376	9.409	0.497	0.497
22.856	22.890	0.497	0.497
23.824	23.857	0.498	0.498
17.451	17.484	0.498	0.498
16.750	16.783	0.498	0.498
23.557	23.590	0.499	0.499
22.356	22.389	0.500	0.500
11.311	11.345	0.501	0.501
8.575	8.609	0.501	0.501
21.455	21.488	0.501	0.501
12.446	12.479	0.502	0.502
1.869	1.902	0.502	0.502
22.556	22.589	0.503	0.503
23.891	23.924	0.503	0.503
12.179	12.212	0.503	0.503
19.253	19.286	0.504	0.504
11.245	11.278	0.504	0.504
5.372	5.405	0.504	0.504
33.433	33.467	0.504	0.504
26.927	26.960	0.505	0.505
17.651	17.684	0.505	0.505
20.954	20.988	0.506	0.506
14.281	14.314	0.507	0.507
16.884	16.917	0.507	0.507
10.344	10.377	0.507	0.507
12.246	12.279	0.507	0.507
13.447	13.480	0.508	0.508
18.619	18.652	0.509	0.509
20.521	20.554	0.509	0.509
17.851	17.885	0.510	0.510
5.672	5.706	0.510	0.510
10.210	10.244	0.510	0.510
18.552	18.585	0.511	0.511
21.722	21.755	0.511	0.511
1.502	1.568	0.511	0.511
12.312	12.346	0.511	0.511
24.458	24.491	0.512	0.512
16.183	16.216	0.513	0.513
19.052	19.086	0.513	0.513
22.923	22.956	0.513	0.513
5.739	5.772	0.514	0.514
2.369	2.402	0.514	0.514
12.646	12.713	0.515	0.515
13.647	13.680	0.515	0.515
7.274	7.307	0.516	0.516
11.111	11.144	0.516	0.516
21.288	21.355	0.516	0.516
30.430	30.464	0.517	0.517
16.650	16.717	0.517	0.517
16.116	16.149	0.518	0.518
10.911	10.944	0.519	0.519
19.686	19.720	0.520	0.520
22.789	22.823	0.522	0.522
1.935	1.969	0.523	0.523
31.932	31.965	0.523	0.523
19.119	19.152	0.526	0.526
16.450	16.483	0.527	0.527
9.142	9.176	0.529	0.529
23.323	23.390	0.530	0.530
20.120	20.153	0.530	0.530
15.549	15.582	0.530	0.530
12.946	12.980	0.530	0.530
1.802	1.835	0.531	0.531
22.623	22.689	0.533	0.533
15.249	15.282	0.533	0.533
9.076	9.109	0.533	0.533
0.167	0.234	0.533	0.533
19.186	19.219	0.533	0.533
19.887	19.920	0.533	0.533
14.214	14.248	0.534	0.534
11.612	11.645	0.534	0.534
16.383	16.416	0.534	0.534
17.384	17.417	0.534	0.534
13.780	13.814	0.535	0.535
6.840	6.907	0.536	0.536
8.876	8.909	0.536	0.536
7.140	7.174	0.537	0.537
5.172	5.205	0.537	0.537
17.217	17.251	0.538	0.538
14.615	14.681	0.538	0.538
24.391	24.424	0.540	0.540
2.436	2.469	0.540	0.540
2.202	2.269	0.541	0.541
18.485	18.519	0.541	0.541
20.754	20.787	0.542	0.542
9.443	9.476	0.543	0.543
1.435	1.468	0.544	0.544
5.239	5.272	0.545	0.545
13.714	13.747	0.545	0.545
18.719	18.752	0.545	0.545
9.276	9.343	0.546	0.546
6.373	6.406	0.547	0.547
23.423	23.457	0.547	0.547
7.407	7.441	0.549	0.549
20.454	20.487	0.553	0.553
13.914	13.947	0.555	0.555
8.809	8.842	0.557	0.557
19.620	19.653	0.557	0.557
8.442	8.475	0.557	0.557
15.415	15.449	0.559	0.559
23.957	23.991	0.559	0.559
31.431	31.465	0.563	0.563
8.308	8.342	0.564	0.564
11.945	11.979	0.568	0.568
19.319	19.386	0.569	0.569
24.658	24.725	0.569	0.569
5.939	5.973	0.570	0.570
20.654	20.721	0.571	0.571
13.280	13.347	0.572	0.572
16.316	16.350	0.578	0.578
18.619	18.685	0.579	0.579
10.410	10.444	0.583	0.583
8.642	8.709	0.584	0.584
17.284	17.351	0.586	0.586
15.315	15.382	0.586	0.586
8.742	8.775	0.586	0.586
5.305	5.339	0.589	0.589
11.311	11.378	0.592	0.592
11.411	11.445	0.593	0.593
15.949	15.983	0.593	0.593
9.910	9.943	0.593	0.593
6.440	6.473	0.594	0.594
14.414	14.448	0.606	0.606
5.439	5.472	0.608	0.608
4.872	4.938	0.608	0.608
8.375	8.408	0.623	0.623
19.953	19.987	0.641	0.641
18.919	18.952	0.650	0.650
22.422	22.456	0.660	0.660
8.942	8.976	0.664	0.664
21.922	21.955	0.664	0.664
19.419	19.453	0.677	0.677
0.868	0.934	0.679	0.679
15.983	16.016	0.720	0.720
4.471	4.505	0.802	0.802
10.978	11.011	0.806	0.806
0.968	1.001	0.816	0.816
15.482	15.516	0.836	0.836
14.481	14.515	0.841	0.841
4.972	5.005	0.849	0.849
3.470	3.504	0.850	0.850
0.467	0.501	0.854	0.854
10.477	10.511	0.859	0.859
11.478	11.512	0.897	0.897
23.490	23.524	0.897	0.897
15.949	16.016	0.923	0.923
7.474	7.508	0.948	0.948
22.489	22.523	0.961	0.961
17.985	18.018	0.971	0.971
19.486	19.520	0.978	0.978
19.987	20.020	0.978	0.978
23.991	24.024	0.981	0.981
17.985	18.051	1.012	1.012
21.989	22.022	1.032	1.032
21.989	22.055	1.091	1.091
26.493	26.527	1.107	1.107
23.957	24.024	1.120	1.120
19.953	20.020	1.155	1.155
26.493	26.560	1.188	1.188
7.741	7.774	1.306	1.306
0.701	0.734	1.346	1.346
0.300	0.334	1.347	1.347
3.804	3.837	1.364	1.364
7.708	7.774	1.387	1.387
0.267	0.334	1.396	1.396
0.667	0.734	1.397	1.397
7.741	7.808	1.403	1.403
0.300	0.367	1.406	1.406
0.701	0.767	1.411	1.411
3.770	3.837	1.433	1.433
3.804	3.871	1.448	1.448
0.267	0.367	1.448	1.448
27.261	27.294	1.448	1.448
4.004	4.037	1.452	1.452
0.667	0.767	1.461	1.461
7.708	7.808	1.480	1.480
27.227	27.294	1.483	1.483
0.434	0.467	1.503	1.503
3.770	3.871	1.514	1.514
4.004	4.071	1.522	1.522
7.608	7.641	1.560	1.560
0.400	0.467	1.562	1.562
7.574	7.641	1.579	1.579
7.608	7.674	1.605	1.605
7.541	7.641	1.621	1.621
7.574	7.674	1.623	1.623
7.541	7.674	1.664	1.664
3.303	3.337	1.704	1.704
26.093	26.126	1.713	1.713
0.567	0.601	1.714	1.714
6.406	6.440	1.721	1.721
0.434	0.501	1.726	1.726
26.093	26.159	1.739	1.739
0.534	0.601	1.755	1.755
3.270	3.337	1.764	1.764
0.400	0.501	1.776	1.776
3.303	3.370	1.781	1.781
0.567	0.634	1.794	1.794
6.373	6.440	1.807	1.807
0.534	0.634	1.833	1.833
3.270	3.370	1.837	1.837
6.406	6.473	1.840	1.840
24.925	24.958	1.853	1.853
4.238	4.271	1.891	1.891
3.737	3.770	1.894	1.894
24.925	24.992	1.894	1.894
27.361	27.394	1.898	1.898
4.204	4.271	1.912	1.912
27.995	28.028	1.914	1.914
24.892	24.958	1.917	1.917
6.373	6.473	1.919	1.919
4.238	4.304	1.924	1.924
4.204	4.304	1.944	1.944
4.171	4.271	1.945	1.945
27.995	28.061	1.950	1.950
7.508	7.641	1.950	1.950
27.327	27.394	1.952	1.952
3.737	3.804	1.953	1.953
24.892	24.992	1.956	1.956
7.508	7.674	1.961	1.961
3.704	3.770	1.975	1.975
4.171	4.304	1.976	1.976
4.137	4.171	1.980	1.980
0.067	0.100	1.991	1.991
26.360	26.393	1.993	1.993
21.121	21.154	2.007	2.007
4.137	4.204	2.008	2.008
3.670	3.704	2.009	2.009
29.062	29.096	2.018	2.018
29.029	29.096	2.022	2.022
4.137	4.238	2.022	2.022
0.067	0.133	2.025	2.025
26.326	26.393	2.029	2.029
4.104	4.171	2.031	2.031
3.704	3.804	2.033	2.033
21.121	21.188	2.038	2.038
21.088	21.154	2.054	2.054
4.104	4.204	2.058	2.058
3.971	4.004	2.061	2.061
3.637	3.704	2.062	2.062
21.688	21.722	2.062	2.062
0.033	0.100	2.067	2.067
4.104	4.238	2.071	2.071
3.670	3.737	2.081	2.081
21.088	21.188	2.086	2.086
7.808	7.841	2.093	2.093
0.033	0.133	2.100	2.100
6.807	6.840	2.100	2.100
21.655	21.722	2.114	2.114
7.508	7.541	2.128	2.128
3.637	3.737	2.132	2.132
7.608	7.708	2.135	2.135
7.808	7.875	2.139	2.139
21.688	21.755	2.143	2.143
6.807	6.874	2.143	2.143
7.574	7.708	2.147	2.147
7.508	7.574	2.148	2.148
11.979	12.012	2.151	2.151
7.508	7.608	2.154	2.154
3.237	3.270	2.162	2.162
7.474	7.641	2.163	2.163
7.541	7.708	2.165	2.165
6.807	6.907	2.167	2.167
6.473	6.507	2.168	2.168
0.033	0.167	2.168	2.168
7.474	7.674	2.171	2.171
0.501	0.534	2.177	2.177
0.067	0.167	2.177	2.177
7.774	7.841	2.180	2.180
6.473	6.540	2.184	2.184
7.608	7.741	2.184	2.184
6.773	6.840	2.191	2.191
3.203	3.270	2.194	2.194
21.655	21.755	2.195	2.195
7.574	7.741	2.195	2.195
0.033	0.200	2.199	2.199
13.981	14.047	2.200	2.200
3.237	3.303	2.201	2.201
13.981	14.014	2.203	2.203
0.067	0.200	2.210	2.210
11.945	12.012	2.212	2.212
7.541	7.741	2.215	2.215
0.501	0.567	2.215	2.215
0.033	0.234	2.220	2.220
0.634	0.734	2.222	2.222
7.774	7.875	2.226	2.226
3.203	3.303	2.231	2.231
0.067	0.234	2.232	2.232
6.773	6.874	2.234	2.234
9.977	10.010	2.242	2.242
9.977	10.043	2.243	2.243
18.986	19.019	2.245	2.245
22.990	23.023	2.255	2.255
6.773	6.907	2.256	2.256
26.193	26.226	2.258	2.258
0.634	0.767	2.268	2.268
6.440	6.507	2.281	2.281
26.193	26.260	2.291	2.291
0.601	0.734	2.294	2.294
6.440	6.540	2.296	2.296
29.463	29.496	2.296	2.296
0.467	0.534	2.332	2.332
0.601	0.767	2.340	2.340
7.474	7.541	2.341	2.341
29.429	29.496	2.350	2.350
26.560	26.593	2.360	2.360
7.474	7.574	2.363	2.363
0.467	0.567	2.366	2.366
7.474	7.608	2.368	2.368
7.975	8.008	2.373	2.373
0.834	0.868	2.405	2.405
26.527	26.593	2.411	2.411
27.461	27.494	2.432	2.432
32.165	32.199	2.434	2.434
3.504	3.537	2.459	2.459
3.971	4.037	2.460	2.460
0.634	0.667	2.461	2.461
0.834	0.901	2.464	2.464
32.132	32.199	2.467	2.467
0.701	0.801	2.468	2.468
0.801	0.868	2.469	2.469
31.265	31.298	2.474	2.474
3.504	3.570	2.484	2.484
28.896	28.929	2.486	2.486
3.971	4.071	2.495	2.495
27.427	27.494	2.496	2.496
0.634	0.701	2.498	2.498
3.504	3.604	2.500	2.500
31.231	31.298	2.502	2.502
0.667	0.801	2.508	2.508
26.093	26.193	2.510	2.510
3.737	3.837	2.516	2.516
0.701	0.834	2.519	2.519
28.896	28.962	2.520	2.520
14.982	15.015	2.524	2.524
0.834	0.934	2.525	2.525
0.801	0.901	2.528	2.528
0.601	0.667	2.539	2.539
3.737	3.871	2.548	2.548
0.667	0.834	2.557	2.557
7.441	7.474	2.570	2.570
26.793	26.827	2.575	2.575
0.601	0.701	2.576	2.576
3.704	3.837	2.587	2.587
0.801	0.934	2.590	2.590
33.600	33.634	2.591	2.591
33.600	33.667	2.605	2.605
26.793	26.860	2.615	2.615
3.370	3.403	2.615	2.615
0.000	0.267	2.618	2.618
3.704	3.871	2.619	2.619
0.000	0.300	2.633	2.633
3.470	3.537	2.638	2.638
21.255	21.288	2.651	2.651
3.370	3.437	2.653	2.653
7.407	7.474	2.655	2.655
3.470	3.570	2.661	2.661
3.337	3.403	2.663	2.663
0.767	0.801	2.664	2.664
3.470	3.604	2.676	2.676
3.604	3.637	2.682	2.682
21.255	21.321	2.686	2.686
33.300	33.333	2.686	2.686
31.765	31.798	2.687	2.687
21.221	21.288	2.693	2.693
3.570	3.637	2.694	2.694
21.255	21.355	2.697	2.697
33.300	33.367	2.697	2.697
0.734	0.801	2.704	2.704
3.337	3.437	2.705	2.705
15.649	15.682	2.711	2.711
3.036	3.070	2.712	2.712
3.604	3.670	2.713	2.713
7.107	7.140	2.716	2.716
0.767	0.834	2.717	2.717
1.001	1.034	2.722	2.722
3.537	3.637	2.722	2.722
31.732	31.798	2.723	2.723
26.693	26.727	2.726	2.726
3.570	3.670	2.726	2.726
21.221	21.321	2.731	2.731
22.890	22.923	2.735	2.735
21.221	21.355	2.741	2.741
26.693	26.760	2.744	2.744
3.036	3.103	2.750	2.750
15.649	15.716	2.752	2.752
3.537	3.670	2.753	2.753
0.734	0.834	2.757	2.757
3.003	3.070	2.758	2.758
1.001	1.068	2.763	2.763
15.616	15.682	2.769	2.769
7.074	7.140	2.771	2.771
7.441	7.508	2.774	2.774
26.493	26.593	2.777	2.777
22.856	22.923	2.780	2.780
22.890	22.956	2.781	2.781
7.107	7.174	2.791	2.791
33.467	33.500	2.792	2.792
10.511	10.544	2.795	2.795
3.003	3.103	2.796	2.796
16.483	16.517	2.797	2.797
0.501	0.601	2.800	2.800
29.897	29.930	2.806	2.806
15.616	15.716	2.807	2.807
29.897	29.963	2.814	2.814
16.483	16.550	2.823	2.823
22.856	22.956	2.824	2.824
4.137	4.271	2.831	2.831
10.511	10.577	2.833	2.833
33.433	33.500	2.843	2.843
7.074	7.174	2.844	2.844
4.137	4.304	2.846	2.846
7.608	7.774	2.846	2.846
0.501	0.634	2.851	2.851
16.450	16.517	2.855	2.855
7.574	7.774	2.855	2.855
7.407	7.508	2.860	2.860
4.104	4.271	2.861	2.861
22.756	22.789	2.863	2.863
7.674	7.708	2.864	2.864
7.641	7.708	2.868	2.868
7.541	7.774	2.869	2.869
0.968	1.034	2.874	2.874
4.104	4.304	2.875	2.875
16.450	16.550	2.882	2.882
7.608	7.808	2.894	2.894
7.574	7.808	2.903	2.903
7.674	7.741	2.909	2.909
7.641	7.741	2.911	2.911
0.968	1.068	2.913	2.913
0.467	0.601	2.915	2.915
7.541	7.808	2.918	2.918
22.723	22.789	2.918	2.918
4.304	4.338	2.921	2.921
28.462	28.495	2.922	2.922
3.604	3.704	2.924	2.924
31.465	31.498	2.933	2.933
33.133	33.200	2.934	2.934
22.756	22.823	2.935	2.935
33.166	33.200	2.936	2.936
3.570	3.704	2.937	2.937
10.477	10.544	2.938	2.938
4.271	4.338	2.941	2.941
25.158	25.192	2.950	2.950
4.304	4.371	2.952	2.952
3.537	3.704	2.958	2.958
0.234	0.400	2.961	2.961
0.467	0.634	2.961	2.961
0.234	0.434	2.964	2.964
28.428	28.495	2.965	2.965
3.871	3.971	2.970	2.970
4.271	4.371	2.972	2.972
10.477	10.577	2.973	2.973
3.604	3.737	2.978	2.978
26.960	26.994	2.979	2.979
0.200	0.400	2.983	2.983
0.200	0.434	2.987	2.987
25.125	25.192	2.988	2.988
3.570	3.737	2.991	2.991
22.723	22.823	2.992	2.992
0.167	0.434	3.000	3.000
0.167	0.400	3.000	3.000
31.431	31.498	3.007	3.007
3.537	3.737	3.012	3.012
27.761	27.828	3.016	3.016
7.741	7.841	3.019	3.019
3.837	3.971	3.020	3.020
20.220	20.254	3.024	3.024
26.927	26.994	3.029	3.029
3.237	3.337	3.031	3.031
27.761	27.861	3.035	3.035
0.133	0.167	3.036	3.036
29.496	29.596	3.044	3.044
3.203	3.337	3.047	3.047
0.100	0.167	3.054	3.054
20.187	20.254	3.062	3.062
7.741	7.875	3.063	3.063
7.708	7.841	3.065	3.065
0.133	0.200	3.065	3.065
27.728	27.828	3.067	3.067
20.220	20.287	3.071	3.071
0.100	0.200	3.084	3.084
27.728	27.861	3.088	3.088
0.133	0.234	3.092	3.092
3.237	3.370	3.094	3.094
20.187	20.287	3.107	3.107
7.708	7.875	3.109	3.109
7.374	7.407	3.109	3.109
3.203	3.370	3.110	3.110
0.100	0.234	3.111	3.111
32.032	32.165	3.116	3.116
32.065	32.165	3.118	3.118
4.438	4.471	3.122	3.122
32.032	32.132	3.122	3.122
32.065	32.132	3.124	3.124
7.341	7.407	3.146	3.146
7.374	7.441	3.153	3.153
4.404	4.471	3.153	3.153
27.160	27.194	3.184	3.184
0.434	0.534	3.191	3.191
7.341	7.441	3.194	3.194
27.127	27.194	3.200	3.200
29.796	29.897	3.202	3.202
0.234	0.467	3.211	3.211
0.434	0.567	3.213	3.213
6.974	7.007	3.214	3.214
3.670	3.770	3.216	3.216
0.400	0.534	3.224	3.224
0.200	0.467	3.224	3.224
0.234	0.334	3.231	3.231
4.438	4.505	3.234	3.234
0.167	0.467	3.234	3.234
6.406	6.507	3.237	3.237
0.234	0.501	3.239	3.239
6.974	7.040	3.240	3.240
0.400	0.567	3.246	3.246
6.406	6.540	3.249	3.249
0.200	0.501	3.251	3.251
0.234	0.367	3.255	3.255
0.200	0.334	3.255	3.255
6.940	7.007	3.257	3.257
0.167	0.501	3.262	3.262
3.637	3.770	3.263	3.263
4.404	4.505	3.266	3.266
6.373	6.507	3.268	3.268
3.670	3.804	3.271	3.271
0.167	0.334	3.273	3.273
29.296	29.329	3.275	3.275
0.200	0.367	3.280	3.280
6.373	6.540	3.281	3.281
6.940	7.040	3.284	3.284
33.500	33.600	3.294	3.294
24.491	24.525	3.294	3.294
0.167	0.367	3.295	3.295
29.296	29.363	3.297	3.297
0.567	0.734	3.302	3.302
16.283	16.316	3.305	3.305
0.534	0.734	3.313	3.313
0.033	0.334	3.314	3.314
26.159	26.193	3.315	3.315
3.637	3.804	3.317	3.317
26.126	26.193	3.318	3.318
24.491	24.558	3.318	3.318
0.067	0.334	3.326	3.326
26.894	26.927	3.330	3.330
0.567	0.767	3.335	3.335
24.458	24.525	3.340	3.340
0.033	0.367	3.342	3.342
0.534	0.767	3.345	3.345
32.866	32.900	3.351	3.351
0.067	0.367	3.356	3.356
4.071	4.104	3.356	3.356
16.250	16.316	3.359	3.359
24.458	24.558	3.365	3.365
26.894	26.960	3.366	3.366
16.283	16.350	3.368	3.368
0.033	0.267	3.371	3.371
32.833	32.900	3.371	3.371
4.071	4.137	3.372	3.372
0.067	0.267	3.374	3.374
3.871	3.937	3.374	3.374
6.173	6.206	3.374	3.374
28.862	28.929	3.377	3.377
0.033	0.300	3.378	3.378
3.871	3.904	3.378	3.378
27.060	27.094	3.380	3.380
0.067	0.300	3.381	3.381
27.027	27.094	3.383	3.383
26.159	26.293	3.384	3.384
0.000	0.334	3.388	3.388
28.862	28.962	3.396	3.396
26.126	26.293	3.398	3.398
27.761	27.895	3.399	3.399
6.173	6.240	3.402	3.402
0.000	0.367	3.406	3.406
28.996	29.062	3.406	3.406
28.996	29.029	3.408	3.408
33.267	33.400	3.408	3.408
4.037	4.104	3.414	3.414
6.173	6.273	3.415	3.415
28.829	28.929	3.415	3.415
3.837	3.937	3.419	3.419
33.233	33.400	3.421	3.421
16.250	16.350	3.421	3.421
6.139	6.206	3.421	3.421
3.837	3.904	3.422	3.422
21.755	21.788	3.424	3.424
4.037	4.137	3.428	3.428
28.829	28.962	3.435	3.435
1.401	1.435	3.435	3.435
27.728	27.895	3.446	3.446
20.287	20.320	3.448	3.448
3.937	3.971	3.450	3.450
6.139	6.240	3.450	3.450
1.134	1.168	3.452	3.452
1.368	1.435	3.455	3.455
21.755	21.822	3.457	3.457
7.641	7.774	3.458	3.458
15.449	15.549	3.459	3.459
7.674	7.774	3.462	3.462
6.139	6.273	3.463	3.463
3.737	3.904	3.464	3.464
3.303	3.403	3.471	3.471
1.101	1.168	3.475	3.475
20.287	20.354	3.477	3.477
21.188	21.221	3.478	3.478
20.254	20.320	3.481	3.481
15.415	15.549	3.483	3.483
21.722	21.788	3.483	3.483
1.134	1.201	3.486	3.486
3.704	3.904	3.488	3.488
3.737	3.937	3.489	3.489
15.449	15.582	3.495	3.495
21.154	21.221	3.496	3.496
3.270	3.403	3.501	3.501
7.641	7.808	3.501	3.501
7.674	7.808	3.507	3.507
1.401	1.468	3.507	3.507
1.101	1.201	3.508	3.508
20.254	20.354	3.509	3.509
3.904	3.971	3.510	3.510
3.303	3.437	3.511	3.511
3.704	3.937	3.513	3.513
21.722	21.822	3.517	3.517
15.415	15.582	3.518	3.518
21.188	21.255	3.524	3.524
1.368	1.468	3.528	3.528
25.392	25.425	3.531	3.531
32.065	32.199	3.537	3.537
32.032	32.199	3.539	3.539
21.154	21.255	3.540	3.540
3.270	3.437	3.541	3.541
7.941	7.975	3.544	3.544
21.054	21.221	3.547	3.547
21.021	21.221	3.547	3.547
1.902	1.935	3.550	3.550
3.504	3.637	3.552	3.552
3.871	4.004	3.562	3.562
0.501	0.734	3.562	3.562
22.956	22.990	3.566	3.566
21.054	21.255	3.570	3.570
33.200	33.233	3.570	3.570
21.021	21.255	3.570	3.570
25.392	25.459	3.573	3.573
33.200	33.267	3.575	3.575
1.869	1.935	3.583	3.583
0.501	0.767	3.583	3.583
3.504	3.670	3.586	3.586
7.908	7.975	3.590	3.590
28.295	28.328	3.592	3.592
32.566	32.599	3.602	3.602
3.837	4.004	3.602	3.602
26.760	26.793	3.604	3.604
28.295	28.362	3.609	3.609
1.902	1.969	3.609	3.609
22.923	22.990	3.614	3.614
25.759	25.926	3.616	3.616
26.727	26.793	3.618	3.618
32.533	32.599	3.621	3.621
29.096	29.129	3.621	3.621
23.657	23.690	3.621	3.621
25.726	25.926	3.623	3.623
0.033	0.434	3.634	3.634
25.759	25.959	3.634	3.634
0.033	0.400	3.637	3.637
25.726	25.959	3.641	3.641
1.869	1.969	3.643	3.643
0.467	0.734	3.651	3.651
28.862	28.896	3.654	3.654
33.834	33.867	3.656	3.656
0.067	0.434	3.658	3.658
23.657	23.724	3.659	3.659
3.470	3.637	3.661	3.661
33.800	33.867	3.661	3.661
0.067	0.400	3.662	3.662
29.096	29.162	3.664	3.664
23.624	23.690	3.666	3.666
23.023	23.056	3.669	3.669
0.467	0.767	3.671	3.671
0.567	0.667	3.681	3.681
0.234	0.267	3.682	3.682
28.829	28.896	3.684	3.684
0.534	0.667	3.689	3.689
0.234	0.300	3.695	3.695
3.470	3.670	3.695	3.695
3.804	3.904	3.695	3.695
3.770	3.904	3.697	3.697
3.804	3.937	3.697	3.697
0.200	0.267	3.699	3.699
3.770	3.937	3.700	3.700
11.445	11.478	3.702	3.702
27.861	27.895	3.702	3.702
23.624	23.724	3.705	3.705
0.567	0.701	3.710	3.710
0.200	0.300	3.711	3.711
0.167	0.267	3.714	3.714
0.534	0.701	3.717	3.717
33.267	33.367	3.718	3.718
27.828	27.895	3.720	3.720
0.167	0.300	3.726	3.726
6.106	6.139	3.726	3.726
20.787	20.821	3.727	3.727
7.174	7.207	3.727	3.727
33.267	33.333	3.729	3.729
1.068	1.101	3.730	3.730
15.582	15.682	3.735	3.735
23.023	23.090	3.738	3.738
6.273	6.306	3.739	3.739
33.233	33.367	3.739	3.739
3.437	3.537	3.740	3.740
7.508	7.708	3.741	3.741
1.068	1.168	3.743	3.743
31.164	31.198	3.747	3.747
3.437	3.570	3.747	3.747
1.068	1.201	3.750	3.750
33.233	33.333	3.750	3.750
3.804	3.971	3.751	3.751
1.068	1.134	3.752	3.752
3.437	3.604	3.755	3.755
6.240	6.306	3.757	3.757
20.787	20.854	3.759	3.759
15.582	15.716	3.762	3.762
31.498	31.532	3.763	3.763
1.034	1.101	3.763	3.763
6.106	6.173	3.763	3.763
25.158	25.225	3.765	3.765
6.907	6.940	3.767	3.767
6.073	6.139	3.768	3.768
31.131	31.198	3.768	3.768
1.034	1.168	3.769	3.769
7.174	7.241	3.770	3.770
4.505	4.538	3.771	3.771
11.411	11.478	3.771	3.771
3.403	3.537	3.774	3.774
1.034	1.201	3.774	3.774
7.508	7.741	3.780	3.780
3.403	3.570	3.780	3.780
15.549	15.682	3.782	3.782
6.340	6.507	3.783	3.783
25.158	25.259	3.784	3.784
1.034	1.134	3.785	3.785
7.140	7.207	3.786	3.786
6.907	6.974	3.786	3.786
31.498	31.565	3.787	3.787
3.403	3.604	3.787	3.787
6.206	6.306	3.787	3.787
3.770	3.971	3.789	3.789
25.125	25.225	3.791	3.791
6.273	6.340	3.791	3.791
6.874	6.940	3.791	3.791
20.754	20.821	3.794	3.794
26.093	26.293	3.799	3.799
27.694	27.728	3.800	3.800
0.434	0.601	3.804	3.804
4.505	4.571	3.804	3.804
4.238	4.338	3.805	3.805
6.073	6.173	3.806	3.806
6.340	6.540	3.807	3.807
15.549	15.716	3.808	3.808
25.125	25.259	3.808	3.808
27.694	27.761	3.810	3.810
6.240	6.340	3.811	3.811
6.874	6.974	3.811	3.811
31.298	31.331	3.816	3.816
22.523	22.556	3.818	3.818
4.238	4.371	3.820	3.820
6.840	6.940	3.822	3.822
4.204	4.338	3.823	3.823
20.754	20.854	3.825	3.825
7.140	7.241	3.830	3.830
0.400	0.601	3.830	3.830
6.306	6.507	3.832	3.832
4.171	4.338	3.835	3.835
11.445	11.512	3.836	3.836
4.204	4.371	3.838	3.838
6.206	6.340	3.840	3.840
6.840	6.974	3.841	3.841
31.298	31.365	3.841	3.841
4.171	4.371	3.848	3.848
33.567	33.634	3.852	3.852
0.434	0.634	3.853	3.853
33.567	33.667	3.855	3.855
6.306	6.540	3.856	3.856
22.523	22.589	3.859	3.859
33.534	33.634	3.860	3.860
33.534	33.667	3.864	3.864
7.474	7.708	3.867	3.867
4.471	4.538	3.868	3.868
28.595	28.629	3.871	3.871
9.543	9.576	3.871	3.871
26.093	26.226	3.872	3.872
0.400	0.634	3.877	3.877
32.499	32.533	3.882	3.882
32.499	32.566	3.883	3.883
26.093	26.260	3.892	3.892
28.595	28.662	3.893	3.893
9.543	9.610	3.898	3.898
4.471	4.571	3.900	3.900
9.510	9.576	3.905	3.905
11.411	11.512	3.905	3.905
7.474	7.741	3.907	3.907
0.367	0.400	3.908	3.908
2.903	3.003	3.917	3.917
4.304	4.404	3.919	3.919
2.870	3.003	3.919	3.919
0.367	0.434	3.920	3.920
25.692	25.726	3.922	3.922
21.622	21.655	3.926	3.926
2.836	3.003	3.927	3.927
0.334	0.400	3.928	3.928
9.510	9.610	3.931	3.931
2.903	3.036	3.931	3.931
2.870	3.036	3.934	3.934
3.604	3.770	3.934	3.934
32.099	32.132	3.934	3.934
22.489	22.556	3.937	3.937
0.334	0.434	3.940	3.940
4.271	4.404	3.940	3.940
2.836	3.036	3.941	3.941
4.304	4.438	3.943	3.943
3.570	3.770	3.945	3.945
32.099	32.165	3.955	3.955
25.692	25.759	3.959	3.959
0.501	0.667	3.962	3.962
26.059	26.326	3.963	3.963
3.537	3.770	3.964	3.964
4.271	4.438	3.965	3.965
26.059	26.293	3.968	3.968
21.622	21.688	3.968	3.968
29.963	29.997	3.969	3.969
29.930	29.997	3.972	3.972
21.588	21.655	3.975	3.975
7.608	7.841	3.976	3.976
26.026	26.326	3.976	3.976
26.026	26.293	3.976	3.976
3.604	3.804	3.978	3.978
22.489	22.589	3.979	3.979
28.996	29.096	3.982	3.982
7.574	7.841	3.984	3.984
11.645	11.678	3.984	3.984
17.885	17.918	3.985	3.985
26.059	26.360	3.987	3.987
0.501	0.701	3.988	3.988
33.834	33.901	3.989	3.989
3.570	3.804	3.990	3.990
7.541	7.841	3.996	3.996
33.200	33.400	3.996	3.996
26.026	26.360	3.999	3.999
33.800	33.901	4.000	4.000
25.192	25.559	4.004	4.004
7.608	7.875	4.005	4.005
21.054	21.088	4.006	4.006
21.021	21.088	4.007	4.007
29.496	29.530	4.008	4.008
3.537	3.804	4.008	4.008
33.834	33.934	4.008	4.008
3.670	3.837	4.009	4.009
25.192	25.526	4.010	4.010
7.574	7.875	4.012	4.012
0.033	0.467	4.015	4.015
21.588	21.688	4.016	4.016
29.496	29.563	4.017	4.017
33.800	33.934	4.019	4.019
17.851	17.918	4.021	4.021
17.885	17.951	4.021	4.021
21.054	21.121	4.021	4.021
21.021	21.121	4.022	4.022
7.541	7.875	4.025	4.025
0.033	0.501	4.028	4.028
6.039	6.073	4.031	4.031
3.937	4.004	4.031	4.031
11.645	11.712	4.034	4.034
0.467	0.667	4.037	4.037
0.067	0.467	4.037	4.037
0.934	0.968	4.037	4.037
31.265	31.331	4.037	4.037
31.231	31.331	4.040	4.040
11.612	11.678	4.041	4.041
3.670	3.871	4.042	4.042
20.721	20.754	4.046	4.046
33.267	33.300	4.048	4.048
27.094	27.127	4.048	4.048
6.006	6.073	4.048	4.048
0.000	0.033	4.051	4.051
2.669	2.769	4.052	4.052
0.067	0.501	4.052	4.052
3.637	3.837	4.054	4.054
26.393	26.493	4.055	4.055
17.851	17.951	4.056	4.056
20.687	20.754	4.057	4.057
4.004	4.104	4.058	4.058
32.199	32.299	4.059	4.059
31.265	31.365	4.062	4.062
27.094	27.160	4.063	4.063
0.467	0.701	4.063	4.063
6.740	6.773	4.063	4.063
31.231	31.365	4.066	4.066
2.669	2.803	4.068	4.068
4.004	4.137	4.068	4.068
6.039	6.106	4.069	4.069
0.000	0.067	4.070	4.070
0.901	0.968	4.074	4.074
33.233	33.300	4.075	4.075
2.636	2.769	4.077	4.077
1.001	1.101	4.082	4.082
3.904	4.004	4.085	4.085
20.654	20.754	4.085	4.085
6.006	6.106	4.087	4.087
3.637	3.871	4.088	4.088
11.612	11.712	4.089	4.089
2.636	2.803	4.092	4.092
15.449	15.482	4.096	4.096
15.616	15.749	4.102	4.102
1.001	1.134	4.106	4.106
0.868	0.968	4.106	4.106
15.649	15.749	4.108	4.108
7.441	7.674	4.110	4.110
7.441	7.641	4.110	4.110
20.721	20.787	4.112	4.112
6.707	6.773	4.119	4.119
6.740	6.807	4.121	4.121
20.687	20.787	4.122	4.122
25.659	25.692	4.126	4.126
33.500	33.634	4.128	4.128
15.616	15.782	4.131	4.131
33.500	33.667	4.134	4.134
15.649	15.782	4.137	4.137
15.415	15.482	4.140	4.140
3.437	3.470	4.143	4.143
0.934	1.001	4.144	4.144
25.626	25.692	4.147	4.147
20.654	20.787	4.151	4.151
0.133	0.267	4.155	4.155
29.796	29.930	4.160	4.160
3.403	3.470	4.160	4.160
33.767	33.834	4.163	4.163
0.133	0.300	4.163	4.163
3.437	3.504	4.165	4.165
0.100	0.267	4.165	4.165
29.796	29.963	4.166	4.166
33.767	33.800	4.166	4.166
0.100	0.300	4.173	4.173
6.707	6.807	4.177	4.177
0.701	0.868	4.178	4.178
26.193	26.293	4.178	4.178
29.263	29.296	4.179	4.179
7.407	7.641	4.179	4.179
7.407	7.674	4.180	4.180
0.901	1.001	4.182	4.182
4.571	4.605	4.182	4.182
3.403	3.504	4.183	4.183
15.449	15.516	4.184	4.184
27.694	27.794	4.185	4.185
26.393	26.527	4.188	4.188
0.133	0.334	4.188	4.188
33.500	33.534	4.190	4.190
29.463	29.596	4.193	4.193
10.878	10.911	4.194	4.194
0.100	0.334	4.198	4.198
32.032	32.099	4.201	4.201
20.487	20.521	4.202	4.202
21.355	21.388	4.202	4.202
32.065	32.099	4.203	4.203
33.500	33.567	4.204	4.204
0.667	0.868	4.206	4.206
21.321	21.388	4.210	4.210
26.393	26.560	4.214	4.214
0.868	1.001	4.215	4.215
4.538	4.605	4.215	4.215
0.968	1.101	4.215	4.215
22.055	22.089	4.217	4.217
4.571	4.638	4.217	4.217
22.022	22.089	4.217	4.217
0.701	0.901	4.218	4.218
2.402	2.436	4.219	4.219
21.021	21.154	4.220	4.220
21.054	21.154	4.221	4.221
10.844	10.911	4.223	4.223
0.133	0.367	4.227	4.227
29.863	29.997	4.228	4.228
15.415	15.516	4.228	4.228
2.369	2.436	4.229	4.229
29.229	29.296	4.229	4.229
29.429	29.596	4.230	4.230
21.288	21.388	4.230	4.230
4.071	4.171	4.230	4.230
21.021	21.188	4.232	4.232
21.054	21.188	4.234	4.234
3.804	4.004	4.234	4.234
0.100	0.367	4.236	4.236
0.968	1.134	4.238	4.238
10.878	10.944	4.240	4.240
30.063	30.097	4.240	4.240
21.355	21.421	4.241	4.241
20.487	20.554	4.241	4.241
30.030	30.097	4.242	4.242
6.340	6.473	4.242	4.242
4.071	4.238	4.242	4.242
4.071	4.204	4.242	4.242
22.022	22.122	4.244	4.244
22.055	22.122	4.244	4.244
0.667	0.901	4.246	4.246
21.321	21.421	4.248	4.248
25.726	25.893	4.249	4.249
4.538	4.638	4.250	4.250
25.759	25.893	4.250	4.250
20.454	20.521	4.253	4.253
22.890	22.990	4.256	4.256
27.694	27.828	4.258	4.258
29.830	29.997	4.259	4.259
2.402	2.469	4.259	4.259
4.037	4.171	4.264	4.264
32.299	32.399	4.266	4.266
21.288	21.421	4.267	4.267
3.770	4.004	4.267	4.267
0.701	0.934	4.268	4.268
10.844	10.944	4.269	4.269
2.369	2.469	4.269	4.269
7.508	7.774	4.270	4.270
6.340	6.440	4.275	4.275
4.037	4.238	4.276	4.276
4.037	4.204	4.276	4.276
22.856	22.990	4.278	4.278
3.504	3.704	4.281	4.281
32.766	32.799	4.282	4.282
29.563	29.596	4.287	4.287
20.454	20.554	4.292	4.292
27.694	27.861	4.294	4.294
6.306	6.473	4.294	4.294
3.237	3.403	4.294	4.294
29.530	29.596	4.295	4.295
0.667	0.934	4.297	4.297
3.203	3.403	4.297	4.297
32.733	32.799	4.298	4.298
7.941	8.008	4.304	4.304
7.508	7.808	4.311	4.311
22.990	23.056	4.314	4.314
7.040	7.074	4.316	4.316
15.582	15.616	4.319	4.319
0.934	1.034	4.322	4.322
33.567	33.600	4.326	4.326
6.306	6.440	4.326	4.326
21.989	22.089	4.327	4.327
26.460	26.527	4.328	4.328
15.582	15.649	4.330	4.330
33.534	33.600	4.330	4.330
7.007	7.074	4.337	4.337
3.504	3.737	4.340	4.340
3.237	3.437	4.340	4.340
3.203	3.437	4.343	4.343
26.460	26.560	4.346	4.346
7.908	8.008	4.347	4.347
0.834	0.968	4.347	4.347
26.426	26.527	4.348	4.348
21.989	22.122	4.353	4.353
3.871	4.037	4.362	4.362
7.040	7.107	4.364	4.364
32.199	32.232	4.364	4.364
26.426	26.560	4.368	4.368
0.901	1.034	4.368	4.368
4.204	4.404	4.368	4.368
32.199	32.266	4.369	4.369
4.238	4.404	4.370	4.370
0.934	1.068	4.370	4.370
15.549	15.616	4.370	4.370
4.171	4.404	4.375	4.375
22.990	23.090	4.375	4.375
0.234	0.534	4.380	4.380
7.474	7.774	4.380	4.380
21.121	21.221	4.380	4.380
15.549	15.649	4.381	4.381
7.007	7.107	4.384	4.384
23.724	23.757	4.384	4.384
3.470	3.704	4.385	4.385
0.801	0.968	4.387	4.387
0.234	0.567	4.391	4.391
4.204	4.438	4.391	4.391
4.238	4.438	4.391	4.391
0.200	0.534	4.393	4.393
24.725	24.758	4.396	4.396
4.171	4.438	4.398	4.398
3.871	4.071	4.399	4.399
25.792	25.826	4.399	4.399
3.837	4.037	4.400	4.400
24.691	24.758	4.401	4.401
25.792	25.859	4.402	4.402
0.167	0.534	4.402	4.402
0.200	0.567	4.404	4.404
0.634	0.801	4.405	4.405
0.868	1.034	4.406	4.406
21.088	21.221	4.409	4.409
22.956	23.023	4.412	4.412
3.737	3.971	4.413	4.413
0.167	0.567	4.413	4.413
21.121	21.255	4.414	4.414
0.901	1.068	4.415	4.415
27.794	27.895	4.417	4.417
7.474	7.808	4.420	4.420
23.724	23.790	4.422	4.422
23.690	23.757	4.425	4.425
24.725	24.791	4.428	4.428
24.691	24.791	4.433	4.433
25.993	26.293	4.434	4.434
3.837	4.071	4.438	4.438
26.360	26.493	4.440	4.440
7.441	7.541	4.441	4.441
24.658	24.758	4.442	4.442
21.088	21.255	4.443	4.443
1.268	1.301	4.443	4.443
3.470	3.737	4.444	4.444
0.634	0.834	4.449	4.449
3.971	4.104	4.450	4.450
25.192	25.225	4.452	4.452
0.868	1.068	4.453	4.453
7.374	7.474	4.453	4.453
26.460	26.493	4.454	4.454
22.923	23.023	4.455	4.455
3.971	4.137	4.456	4.456
26.326	26.493	4.456	4.456
7.441	7.574	4.458	4.458
32.165	32.299	4.459	4.459
7.441	7.608	4.459	4.459
32.132	32.299	4.459	4.459
3.704	3.971	4.461	4.461
23.690	23.790	4.464	4.464
7.641	7.841	4.465	4.465
0.601	0.801	4.467	4.467
33.000	33.033	4.469	4.469
4.137	4.338	4.469	4.469
24.658	24.791	4.471	4.471
25.192	25.259	4.472	4.472
1.235	1.301	4.473	4.473
26.426	26.493	4.473	4.473
7.674	7.841	4.476	4.476
0.834	1.001	4.477	4.477
33.000	33.066	4.482	4.482
4.137	4.371	4.483	4.483
3.604	3.837	4.483	4.483
5.973	6.006	4.486	4.486
7.341	7.474	4.488	4.488
4.104	4.338	4.490	4.490
4.071	4.271	4.492	4.492
3.570	3.837	4.495	4.495
7.641	7.875	4.495	4.495
5.973	6.039	4.495	4.495
3.937	4.037	4.499	4.499
1.268	1.335	4.500	4.500
4.104	4.371	4.504	4.504
3.604	3.871	4.505	4.505
7.674	7.875	4.505	4.505
0.767	0.868	4.505	4.505
3.537	3.837	4.508	4.508
4.071	4.304	4.509	4.509
17.618	17.651	4.509	4.509
0.601	0.834	4.510	4.510
7.407	7.541	4.510	4.510
3.570	3.871	4.516	4.516
0.801	1.001	4.518	4.518
0.133	0.434	4.521	4.521
4.037	4.271	4.522	4.522
17.584	17.651	4.523	4.523
0.100	0.434	4.523	4.523
0.133	0.400	4.524	4.524
32.799	32.866	4.524	4.524
32.799	32.833	4.524	4.524
7.407	7.574	4.526	4.526
0.100	0.400	4.527	4.527
7.407	7.608	4.528	4.528
3.670	3.904	4.528	4.528
29.396	29.429	4.528	4.528
1.235	1.335	4.529	4.529
3.537	3.871	4.531	4.531
0.734	0.868	4.532	4.532
16.216	16.316	4.535	4.535
4.037	4.304	4.537	4.537
17.618	17.684	4.539	4.539
15.516	15.549	4.541	4.541
4.838	4.872	4.542	4.542
5.939	6.006	4.543	4.543
29.396	29.463	4.543	4.543
7.307	7.341	4.544	4.544
16.216	16.350	4.547	4.547
0.767	0.901	4.547	4.547
7.241	7.341	4.548	4.548
5.939	6.039	4.552	4.552
4.838	4.905	4.552	4.552
26.126	26.226	4.552	4.552
3.904	4.037	4.553	4.553
17.584	17.684	4.553	4.553
26.159	26.226	4.554	4.554
3.937	4.071	4.556	4.556
29.263	29.329	4.556	4.556
3.670	3.937	4.559	4.559
3.637	3.904	4.561	4.561
0.434	0.734	4.561	4.561
7.374	7.508	4.566	4.566
26.126	26.260	4.569	4.569
29.263	29.363	4.571	4.571
26.159	26.260	4.571	4.571
0.734	0.901	4.574	4.574
4.805	4.872	4.574	4.574
0.400	0.734	4.575	4.575
6.673	6.707	4.575	4.575
7.241	7.374	4.576	4.576
0.434	0.767	4.576	4.576
4.838	4.938	4.578	4.578
6.340	6.373	4.582	4.582
16.183	16.316	4.583	4.583
7.307	7.374	4.584	4.584
4.805	4.905	4.584	4.584
15.482	15.549	4.589	4.589
0.400	0.767	4.589	4.589
7.207	7.341	4.592	4.592
3.637	3.937	4.592	4.592
15.516	15.582	4.593	4.593
29.229	29.329	4.594	4.594
16.183	16.350	4.597	4.597
0.767	0.934	4.597	4.597
26.360	26.527	4.597	4.597
7.341	7.508	4.601	4.601
29.596	29.630	4.605	4.605
6.673	6.740	4.607	4.607
29.229	29.363	4.608	4.608
29.863	29.897	4.608	4.608
33.100	33.300	4.608	4.608
7.274	7.341	4.609	4.609
33.867	33.901	4.609	4.609
25.092	25.125	4.610	4.610
3.904	4.071	4.610	4.610
4.805	4.938	4.610	4.610
29.596	29.663	4.610	4.610
20.921	20.954	4.614	4.614
26.326	26.527	4.614	4.614
29.830	29.897	4.614	4.614
7.207	7.374	4.620	4.620
0.734	0.934	4.624	4.624
6.306	6.373	4.626	4.626
6.640	6.707	4.628	4.628
26.360	26.560	4.629	4.629
25.058	25.125	4.632	4.632
20.921	20.988	4.635	4.635
15.482	15.582	4.638	4.638
26.460	26.593	4.639	4.639
25.692	25.926	4.643	4.643
33.867	33.934	4.645	4.645
25.092	25.158	4.645	4.645
6.340	6.406	4.645	4.645
20.888	20.954	4.645	4.645
26.326	26.560	4.646	4.646
7.274	7.374	4.648	4.648
21.688	21.788	4.652	4.652
33.133	33.400	4.653	4.653
33.166	33.400	4.656	4.656
26.426	26.593	4.659	4.659
6.640	6.740	4.661	4.661
7.307	7.407	4.662	4.662
25.692	25.959	4.664	4.664
20.888	20.988	4.667	4.667
25.058	25.158	4.667	4.667
0.133	0.467	4.670	4.670
0.100	0.467	4.672	4.672
4.004	4.171	4.677	4.677
0.133	0.501	4.678	4.678
0.100	0.501	4.679	4.679
21.655	21.788	4.679	4.679
21.688	21.822	4.679	4.679
29.162	29.196	4.684	4.684
4.004	4.238	4.687	4.687
4.004	4.204	4.687	4.687
2.536	2.569	4.689	4.689
6.306	6.406	4.690	4.690
9.176	9.209	4.697	4.697
0.300	0.400	4.705	4.705
21.655	21.822	4.707	4.707
22.322	22.356	4.709	4.709
0.300	0.434	4.712	4.712
9.176	9.243	4.713	4.713
2.503	2.569	4.715	4.715
7.307	7.441	4.717	4.717
0.267	0.400	4.717	4.717
0.000	0.100	4.720	4.720
2.970	3.003	4.721	4.721
2.536	2.603	4.722	4.722
0.267	0.434	4.724	4.724
7.274	7.407	4.725	4.725
29.129	29.196	4.726	4.726
25.993	26.193	4.729	4.729
0.000	0.133	4.732	4.732
10.811	10.944	4.734	4.734
31.098	31.131	4.735	4.735
10.811	10.911	4.736	4.736
9.142	9.209	4.737	4.737
2.970	3.036	4.738	4.738
2.936	3.003	4.738	4.738
22.289	22.356	4.741	4.741
25.459	25.492	4.743	4.743
22.322	22.389	4.745	4.745
31.098	31.164	4.746	4.746
2.503	2.603	4.748	4.748
9.142	9.243	4.753	4.753
2.936	3.036	4.755	4.755
10.777	10.944	4.755	4.755
1.201	1.235	4.757	4.757
10.777	10.911	4.759	4.759
29.396	29.496	4.761	4.761
29.062	29.129	4.769	4.769
29.029	29.129	4.770	4.770
1.201	1.268	4.773	4.773
32.499	32.599	4.774	4.774
22.289	22.389	4.776	4.776
4.037	4.338	4.779	4.779
25.425	25.492	4.779	4.779
7.274	7.441	4.780	4.780
4.071	4.338	4.782	4.782
4.037	4.371	4.782	4.782
4.071	4.371	4.785	4.785
26.059	26.393	4.786	4.786
27.961	28.028	4.789	4.789
26.026	26.393	4.793	4.793
20.220	20.320	4.800	4.800
27.928	28.028	4.800	4.800
4.137	4.404	4.800	4.800
1.168	1.235	4.801	4.801
0.234	0.601	4.802	4.802
23.090	23.123	4.805	4.805
27.961	28.061	4.806	4.806
26.059	26.126	4.807	4.807
29.062	29.162	4.810	4.810
26.059	26.159	4.811	4.811
0.200	0.601	4.811	4.811
29.029	29.162	4.811	4.811
26.026	26.126	4.814	4.814
20.187	20.320	4.816	4.816
0.167	0.601	4.817	4.817
27.928	28.061	4.817	4.817
26.026	26.159	4.817	4.817
1.168	1.268	4.818	4.818
4.104	4.404	4.818	4.818
24.625	24.691	4.822	4.822
20.220	20.354	4.823	4.823
4.137	4.438	4.824	4.824
24.625	24.658	4.824	4.824
3.737	4.004	4.830	4.830
24.625	24.725	4.830	4.830
0.367	0.467	4.831	4.831
23.090	23.156	4.832	4.832
27.761	27.794	4.834	4.834
20.187	20.354	4.838	4.838
0.234	0.634	4.839	4.839
4.104	4.438	4.841	4.841
0.334	0.467	4.844	4.844
13.747	13.780	4.844	4.844
30.764	30.797	4.847	4.847
0.200	0.634	4.848	4.848
28.996	29.129	4.849	4.849
11.845	11.879	4.850	4.850
1.335	1.368	4.852	4.852
0.167	0.634	4.854	4.854
4.338	4.404	4.854	4.854
4.371	4.404	4.861	4.861
1.335	1.401	4.863	4.863
23.056	23.123	4.863	4.863
11.812	11.879	4.864	4.864
27.728	27.794	4.866	4.866
33.066	33.100	4.867	4.867
3.704	4.004	4.871	4.871
24.591	24.691	4.872	4.872
4.338	4.438	4.872	4.872
24.591	24.658	4.874	4.874
33.033	33.100	4.878	4.878
4.371	4.438	4.879	4.879
24.591	24.725	4.881	4.881
11.845	11.912	4.881	4.881
5.339	5.372	4.883	4.883
3.604	3.904	4.884	4.884
0.367	0.501	4.885	4.885
28.996	29.162	4.885	4.885
20.554	20.587	4.889	4.889
3.570	3.904	4.890	4.890
25.893	25.926	4.890	4.890
23.056	23.156	4.891	4.891
32.900	33.000	4.892	4.892
30.731	30.797	4.893	4.893
11.211	11.245	4.894	4.894
11.812	11.912	4.895	4.895
3.537	3.904	4.895	4.895
13.714	13.780	4.896	4.896
0.334	0.501	4.897	4.897
21.054	21.288	4.897	4.897
21.021	21.288	4.898	4.898
13.747	13.814	4.899	4.899
1.301	1.368	4.900	4.900
27.594	27.628	4.902	4.902
3.604	3.937	4.907	4.907
33.734	33.767	4.909	4.909
1.301	1.401	4.911	4.911
25.893	25.959	4.913	4.913
3.570	3.937	4.913	4.913
21.054	21.321	4.913	4.913
21.021	21.321	4.914	4.914
21.054	21.355	4.914	4.914
21.021	21.355	4.915	4.915
29.363	29.396	4.915	4.915
1.001	1.168	4.917	4.917
3.537	3.937	4.919	4.919
33.700	33.767	4.921	4.921
20.521	20.587	4.921	4.921
1.001	1.201	4.922	4.922
11.178	11.245	4.922	4.922
20.554	20.621	4.923	4.923
5.339	5.405	4.924	4.924
1.702	1.735	4.925	4.925
32.266	32.399	4.927	4.927
29.329	29.396	4.931	4.931
27.594	27.661	4.932	4.932
29.897	29.997	4.933	4.933
32.232	32.399	4.934	4.934
0.000	0.167	4.937	4.937
11.211	11.278	4.941	4.941
1.702	1.768	4.943	4.943
5.305	5.372	4.947	4.947
0.000	0.200	4.949	4.949
32.966	33.100	4.950	4.950
13.714	13.814	4.950	4.950
24.625	24.758	4.953	4.953
20.521	20.621	4.953	4.953
1.668	1.735	4.954	4.954
0.000	0.234	4.955	4.955
22.890	23.023	4.962	4.962
3.971	4.171	4.963	4.963
12.346	12.379	4.963	4.963
3.971	4.238	4.967	4.967
33.100	33.233	4.968	4.968
28.462	28.595	4.969	4.969
11.178	11.278	4.969	4.969
33.100	33.267	4.969	4.969
3.971	4.204	4.970	4.970
22.456	22.489	4.970	4.970
4.004	4.271	4.971	4.971
15.449	15.682	4.971	4.971
1.668	1.768	4.972	4.972
32.933	33.100	4.973	4.973
24.591	24.758	4.975	4.975
24.625	24.791	4.975	4.975
7.508	7.841	4.976	4.976
12.346	12.412	4.978	4.978
22.856	23.023	4.983	4.983
25.692	25.893	4.985	4.985
15.449	15.716	4.988	4.988
5.305	5.405	4.989	4.989
15.415	15.682	4.989	4.989
28.428	28.595	4.989	4.989
4.004	4.304	4.991	4.991
18.118	18.151	4.992	4.992
11.378	11.411	4.993	4.993
0.434	0.667	4.994	4.994
24.591	24.791	4.996	4.996
